
Model Tuning results:
Combinations: [(20, 1, 0.5), (20, 1, 1), (20, 1, 'scale'), (20, 2, 0.5), (20, 2, 1), (20, 2, 'scale'), (20, 4, 0.5), (20, 4, 1), (20, 4, 'scale'), (22, 1, 0.5), (22, 1, 1), (22, 1, 'scale'), (22, 2, 0.5), (22, 2, 1), (22, 2, 'scale'), (22, 4, 0.5), (22, 4, 1), (22, 4, 'scale'), (24, 1, 0.5), (24, 1, 1), (24, 1, 'scale'), (24, 2, 0.5), (24, 2, 1), (24, 2, 'scale'), (24, 4, 0.5), (24, 4, 1), (24, 4, 'scale')]
MCC scores: [0.08 0.08 0.83 0.08 0.08 0.84 0.08 0.08 0.83 0.   0.   0.79 0.   0.
 0.8  0.   0.   0.79 0.   0.   0.77 0.   0.   0.77 0.   0.   0.77]
Best Combination: (20, 2, 'scale')
Best MCC: 0.84 +/- 0.02
Best Accuracy: 0.96 +/- 0.01
Best Precision: 0.88 +/- 0.03
Best Recall: 0.85 +/- 0.02
Best F1: 0.86 +/- 0.02
--- 58.73 seconds ---
